n=100;
t=24;
n=100;
t=24;
surface_capacity=6;
profit=[9.22142924882289 5.06875866197357 5.848529081249289 8.036311538617188 9.681699417945842 6.1481197164972485 2.7825620302077914 6.721354477385572 1.3327383054561424 7.278075781749035 9.63458051780058 9.051983701603593 3.020859177361147 1.795564981523015 3.153798192206746 7.886582792603701 5.696330407708118 8.843534528926027 3.003123405844237 9.648689411900047 6.2467604501793925 3.0518650353624728 6.3522513389354565 7.682174843669241 7.385795753252241 6.7191448566977 3.847580191083825 8.288924914361333 9.954154546969855 6.20754611389914 4.617056982854999 8.630471390273422 8.324990103850656 7.3003712635552445 3.460327461220877 1.0090793777248142 6.872433405531321 6.943445685005646 8.406975725654231 1.279451179971408 1.8746476797736964 9.986865088379469 5.3615693321208475 1.7857784824567768 7.442412934660724 1.5944050008070305 7.395348849386577 6.272755512716 2.715388342365735 1.5046162192658876 8.70998364220209 5.375780645845304 3.287086861951388 7.060670195753055 9.730998011878858 1.5855561173581811 7.040199026011633 2.495009403099453 3.1899343965944587 1.103056568916966 9.778411000744665 7.908116128644828 3.3579190243376917 5.745117882841528 8.21716452583951 9.58731365531591 5.480101095504338 7.649045968663151 6.302714201753707 6.409349032429963 3.5183793266103445 1.9615348112951736 1.164726037577433 3.358128288865121 5.4110884581219185 2.6383013262732558 6.774659775829757 3.296816280770839 8.922519831355336 6.43434519648221 3.260544262044815 9.780706421585636 6.908665099214521 8.040681814643438 2.922020696980384 2.2437826817565036 4.351964909807464 5.042672223678766 2.2755963942333723 3.2581984696529926 3.4350467468153676 9.584049113229193 2.1563270626958366 5.237567593371288 8.913430118803666 3.6309191008859023 5.571529386639173 5.8297105389140205 2.0244683668309387 3.0586776586870243];
length=[4 2 2 3 3 1 3 2 3 3 3 4 4 1 2 1 3 2 1 1 3 1 3 1 3 4 1 4 3 3 2 1 3 2 2 4 3 1 4 3 4 4 2 1 3 1 2 2 2 1 1 1 1 2 3 4 4 4 2 1 2 3 3 1 2 2 1 3 2 1 2 4 1 3 3 3 2 2 2 1 3 4 1 3 2 4 4 2 1 4 3 3 2 3 4 2 2 2 2 1];
surface=[4.85145271226966 1.0573743669640105 3.7006914829319038 4.658207005083785 2.260341322380131 4.260289034648429 4.830342297873083 3.6548303072498194 3.928796766827495 3.5931203710862856 2.878097471378916 4.390202077818543 4.146046491652192 3.7011926905849157 3.83304178127359 1.040060745744035 2.786168134200897 4.082985575567584 1.2941342193079248 2.227719508328772 2.6219264447462223 3.9287720492538702 2.151414153183729 3.7866876596433547 1.7106887998259945 1.1251567501490904 3.715107575658534 2.8997286869525185 3.110567199129327 2.336531464275598 2.5834349247832074 3.4374634467952556 3.5626252257857773 1.5897497399338847 3.2789495939689295 3.6748759737521857 3.3932366288435607 1.2373136565527676 2.5323005576763897 4.745662846416018 4.368732361273134 1.031281486330958 3.401412493461117 1.6067573288740493 1.616179389510091 2.769475585244888 4.434058728906364 4.076802616208255 1.4902041835756177 1.3415409109870757 2.508737442763109 2.7077266083537697 2.4834085431556048 3.219049478091091 3.084053487462275 1.2996095515809905 1.2131530334490406 2.3942488183597717 3.09832612229838 2.1962137121886394 1.1000046675095008 2.0886289290237214 3.7222687680473348 4.207714326635825 2.825571559497964 2.6902924700689397 4.827142431554373 4.02156435628819 3.3948172990269443 3.8723777543373137 1.7828585063095685 4.471464786105864 3.4761691891101756 2.1627715605590847 3.472357209332848 4.061813718774221 1.8725572614051438 3.7733565419267414 3.7070682663268935 3.615141269518836 3.719214645037539 4.770859755960233 1.5225882543524616 2.689059029350616 3.833866549711212 3.556258332151467 1.0037498719278743 1.4188173090274634 1.524915815135555 2.138607314180575 4.508950125639809 1.4052236915414773 3.4553484219910557 4.071327260189735 4.735477398047789 4.719188465220336 2.5979624048399175 2.939187312963165 4.237865623991609 2.9977727886812824];
min_deliver=[16 17 15 1 17 23 11 15 9 21 3 16 2 3 19 16 22 18 11 12 16 11 18 16 23 2 1 20 18 21 3 12 8 23 10 17 4 10 20 18 19 22 19 9 23 20 13 14 10 15 17 3 10 19 5 18 10 15 13 10 21 1 20 17 5 17 9 20 8 6 24 3 11 20 11 19 13 9 3 5 21 3 21 22 16 8 11 15 2 20 15 15 6 18 24 20 24 7 18 23];
max_deliver=[19 22 24 6 17 24 11 24 11 22 11 16 15 19 24 18 24 21 14 18 21 12 20 22 24 5 12 24 24 22 3 21 18 24 24 23 24 23 21 19 21 23 24 16 24 22 17 14 13 15 20 16 22 21 20 18 14 16 23 21 23 15 22 17 24 23 9 22 13 11 24 22 16 20 23 22 19 15 20 23 24 4 21 24 20 20 17 17 5 24 16 20 12 24 24 24 24 21 23 23];
