n=100;
t=24;
n=100;
t=24;
surface_capacity=6;
profit=[8.729026443339174 2.487814874688351 2.8282913234241445 7.9126825104018454 5.910470213939842 1.5757830929429948 4.88305849859942 3.920861812865634 7.9556408480177385 8.295164546196476 4.526951391086147 1.7970248196967993 6.619759472179677 2.410191905632361 3.547412572201035 2.271810907012167 2.05109140521856 1.0399666707538624 8.031905895345318 7.139376566412151 7.550992788107964 7.531239248570273 7.6147300382552014 9.149666551816868 2.8994952873617024 1.9655460404807332 8.94410981211346 7.278313159605238 8.549280968363103 8.756555002699134 1.3925855873324418 8.475226690165865 2.4126441665945144 1.3794032385015544 9.206746799210228 9.564110000898154 8.051040315867086 6.270218107768805 3.0854847829660983 3.9188551020427576 3.854372425232822 8.625030357324057 7.3030178421930785 3.9029689091178286 3.239270952226788 5.919691260766661 3.017332726258296 5.627619262167091 2.123973225593794 8.649339022223668 7.7700549816222795 4.647484772477591 5.457582235625117 5.1079183351422035 8.755795914973193 8.268633689816275 4.439851184953102 3.970549048865992 2.682893817734776 7.501765982733111 9.822903594531828 6.7040068093156195 1.651705365536273 8.20745110884275 7.436436470168903 3.8659626709499846 1.0655290405207047 3.5363795497146704 7.816647385755844 5.595592045090677 1.1147998618267287 4.263909910553334 8.295503747911829 5.085598380537567 8.541878467833953 8.904420819909532 2.9465455179793576 9.788028377340694 3.303839369447558 2.6900314334970545 8.627028659136421 2.0069341119958306 5.01217802779391 8.303423772098945 2.551746672216873 2.997889173829438 7.422813378356446 5.484989676709206 9.530310814973333 8.931776372324455 8.926552420117261 6.419934484626803 4.83483771995685 6.04491443682324 7.230353118964108 8.324025102144422 2.4436107322876266 7.473625073251242 5.565780562880707 6.671259777963796];
length=[4 4 4 2 4 2 4 2 3 3 2 1 1 4 4 4 3 3 4 3 4 1 4 4 3 3 2 1 1 4 2 2 3 1 3 4 3 3 3 3 4 1 3 1 4 3 2 2 3 4 4 1 2 3 4 2 2 3 4 1 4 4 1 2 4 4 4 3 3 3 3 4 1 1 2 4 2 4 4 4 2 1 4 4 3 1 1 2 2 4 1 2 1 3 4 4 2 1 1 1];
surface=[3.831297596920689 1.5665127959438472 4.300798203338829 3.356794855507447 4.023540685899536 4.545040157810568 4.735556810568735 2.460373080170153 3.4452324807301755 1.8973429316214316 1.9283663048576343 2.7529346614957886 2.000980814553608 3.2355501790623813 1.9908270561674493 4.9557858846241665 1.2682825372881568 4.4500157329873 2.0009974479195076 2.100931511167635 2.6920869024711243 4.932572085987125 1.2333446021892644 4.2814641302452365 1.231581280506291 1.8436546167847578 2.6974217984050837 4.765173700419775 2.18227403691628 3.2025649815511 3.899062599023974 3.9300427288679005 3.789163501435408 3.2827473309351927 4.228609827661777 1.1855976729998283 2.787938189469115 1.2668727357420928 1.8831981197772913 4.126418453890984 4.389089067528353 4.142187905863949 3.952264244354269 4.017777885487547 2.2210081349933106 3.1289347016113895 4.540564102307133 3.207603062591893 2.073035949569185 4.6031431819308795 2.0983318259908437 2.5814489965823446 3.6487334363359083 1.3392174193000006 3.863904724834196 1.984007253520124 3.1968696514422814 4.552954984841223 1.8129803533365392 1.2894562187546774 2.1181061546900675 3.133761330239232 3.2730311186120677 1.0023074924616848 3.4224612847152573 4.884220135051093 3.585979487356649 4.913748362188784 1.9892310838844915 3.4749187430013713 4.339055031378843 4.202200331902676 4.5912807643604046 4.1461300935640235 4.908461682584676 1.7901932794212536 3.0735774120158834 2.6198369545107316 4.686392667891111 4.620751839400692 1.8606317727571096 3.1361414220413364 1.2280457163324008 3.335995365345962 2.976886551951792 4.564859553048883 2.47852225395007 3.931747677863157 1.2095939120525308 4.302989535947203 1.4943246403980917 1.3010195412545396 4.290007861609066 2.154104745017057 4.934357271882357 1.9478849595226952 1.0782976203737067 2.689498654042985 1.9422299545372157 2.756799951475191];
min_deliver=[23 10 3 3 14 20 21 4 22 11 11 3 13 12 13 1 11 1 2 6 7 18 5 16 22 11 6 4 13 3 12 22 11 24 8 21 21 13 4 13 11 3 15 10 8 16 22 7 4 4 19 4 13 5 8 1 4 13 1 9 11 21 7 7 12 4 11 1 23 4 16 4 19 21 15 2 20 23 3 1 9 14 21 6 17 8 21 13 17 24 9 8 21 20 19 24 7 3 1 3];
max_deliver=[23 21 6 9 19 21 21 20 22 13 16 11 21 18 21 23 24 14 3 18 18 22 15 22 22 21 23 23 19 18 13 22 20 24 17 21 24 20 22 16 22 5 23 14 12 18 22 20 17 10 20 7 21 11 17 4 20 17 23 21 15 21 7 17 16 21 22 17 23 17 19 21 20 24 16 2 23 24 17 23 14 23 22 23 23 19 21 21 19 24 18 18 21 21 24 24 20 20 8 6];
