n=100;
t=24;
n=100;
t=24;
surface_capacity=6;
profit=[6.112416148573846 5.730643786877712 4.655014491125342 3.160139853502137 1.5997329843810033 7.889187658227781 4.027945032606626 9.608334943962081 8.219988948828682 6.755278172758151 7.349338626686185 3.734672789900895 2.66187672977495 9.445050601193662 7.386689147685718 6.578133426354459 4.537461435282971 6.147255303050044 1.545882027024977 6.6807185305278445 8.49493215189438 2.152178008999144 2.7373186229327016 8.379981856327252 8.39858347246667 3.8678908104261795 4.514715983907484 4.740082410458019 3.1196484261395456 7.0780758378297755 4.317625141704669 8.275841547214638 4.4184748800745375 9.362345121984177 4.889292141095003 1.751648127217512 2.815510897613 3.42415412158017 7.494587599664614 9.581876435840975 5.0852986210180875 2.1388078931596515 6.734661348544955 1.247282688801008 6.385129060816604 9.417978775885489 5.851307727166802 1.755948719447956 2.2164298146249584 5.323492582640585 3.966683121669139 9.91599242473627 5.2243841018648185 1.8606919087697893 5.058611467917786 7.905909850495207 7.1767558554176984 5.084878905623012 2.9615408876194387 3.4330566268152407 1.6241753270520078 6.904364075532498 5.789749767434178 3.616927023669234 9.112625352088422 9.980731460507592 3.1427364603539694 6.641793979826516 2.4693610621441304 8.959320679942907 2.940086159747361 9.543532707958867 9.695940948856444 1.7650448819853808 4.261050984688401 6.768054851825563 6.214288451837463 6.9516683862113595 3.680770899737695 8.607243148308456 2.3419410619236283 9.646179098727835 4.091351916288147 6.383734925463081 7.6342266886595445 8.778502458663866 1.0508766226292297 9.020715840439934 4.166935359450498 6.831350841670887 7.148996264586685 3.636537121497299 7.187144519966303 4.697847625800469 6.372067655256927 8.220252974829762 1.9857553109264807 2.3694856975363217 1.6362673283245868 1.1716687456974917];
length=[2 1 2 3 2 3 2 1 2 3 4 1 1 4 1 2 4 3 4 2 3 4 4 1 3 1 1 4 4 2 2 3 2 1 1 1 1 1 3 1 2 4 2 1 1 3 1 1 1 3 2 4 4 4 3 3 3 4 4 3 3 3 2 3 2 4 3 2 1 1 3 3 4 3 3 1 2 2 1 4 4 4 2 2 1 4 1 1 1 1 2 3 2 1 3 2 2 1 4 1];
surface=[1.5679285548626645 3.1512750187028242 1.0668943940376039 3.969626601377833 3.6325533246739985 2.0341136260437827 4.882732443753972 2.2534356497694046 1.7358191171524293 2.5122565119451234 3.1468152444743454 3.2272255048509533 2.0747131852814356 2.3229125622788795 1.0872467021284735 3.9836017843102027 2.9205578165930053 4.8647954599753565 4.140371084453642 1.5557905051934342 3.012638674058181 1.0335345094175028 2.260473315726643 4.652094649710762 3.5100265720589374 2.2592189498134814 3.963990170934652 4.666776019703459 2.810524762582316 2.123965142535504 3.9737463592868894 1.40140859193956 4.003325424709791 1.7836689013330451 3.7210284982727777 1.734903074089916 2.530416067939378 1.0057687491744773 4.379125901258721 2.087748261843896 2.3431959923812156 4.745984567585765 2.2230487789012074 3.489739161812522 2.7259596711655667 2.818598471645333 2.371639897650495 2.9652782988197512 2.9292642190972615 1.531349988466912 3.4347209494403477 4.010117661679335 3.087388225916823 2.1320627192361834 1.5757283727242446 4.038632004602587 2.5083422276998935 1.0349993086558644 2.620221359556341 3.127069340295697 4.616171371772497 4.074434834684266 1.4731127890259725 4.172144784808944 4.657805053210845 1.8283726865884522 2.3124611483825745 1.7194985550458672 4.847311060970954 2.7998746250156716 2.147370151467336 3.993032037696732 1.6654969084836746 4.972438516108816 3.8006086467557147 3.6018777872040553 4.699040139939488 4.567196144713687 2.662670360063218 1.7613463238876035 3.2057466510467028 2.441044814096205 1.3580331047704646 4.509420543560539 3.0713912936881007 2.7600373975608385 2.565773460809288 3.7335533503608422 1.9150959449005809 3.4261119606447554 2.0919627541393537 3.8796495311121064 2.2612416211549378 3.5654713380405183 4.504258586692672 3.185667754018612 1.5736254606382878 2.8761868935273562 1.6512033333463023 4.0585010251836415];
min_deliver=[14 17 20 19 18 23 10 24 17 9 2 8 11 17 3 7 2 6 10 9 14 19 11 14 13 5 12 13 15 13 1 3 6 14 3 12 1 21 17 15 10 8 5 11 24 10 17 16 15 5 10 12 15 1 20 20 10 19 22 4 9 8 10 10 19 5 14 5 13 18 9 14 15 2 11 17 11 15 5 12 22 7 19 2 19 11 13 18 3 6 12 7 21 18 8 20 3 13 5 9];
max_deliver=[14 20 20 20 22 24 24 24 23 12 2 23 11 20 17 24 23 9 24 9 21 21 12 14 18 16 18 15 19 22 13 16 16 23 19 15 15 23 17 22 12 13 22 13 24 23 22 16 15 9 20 13 15 9 22 24 23 21 24 21 9 20 11 16 24 20 22 20 15 23 14 14 21 13 19 21 16 15 24 21 24 19 21 21 21 17 14 18 22 22 16 17 24 19 24 24 23 17 21 23];
