n=100;
t=24;
n=100;
t=24;
surface_capacity=6;
profit=[6.0330527992212435 8.275317315256633 2.6674435581420224 6.335783503673092 7.803226323290758 3.372198704386236 5.880306697290004 3.9175433831144244 3.550648845885575 3.307477495621767 8.030558157260216 2.3567958593490888 6.521542170541852 7.087248626818293 9.110613417773843 5.853677431374098 2.025433142606857 3.0013604684350597 7.838747188363896 7.535575701698295 8.078562676086465 5.881427628205542 7.731840595318996 9.774700568982574 5.2386416903374835 5.860692372682931 3.472117119468418 7.096048963483794 6.554257914851935 1.7124778628119959 4.699865052985675 1.4434006873447172 2.0643114795221 9.009948527865948 7.186450089074064 7.823690023266815 9.692760333844149 4.863797874176126 6.466053151264961 2.392915897429996 6.393360572982136 5.571204186673617 4.4032217412304515 4.833961307163468 3.5763204290884993 8.989635544175805 1.1813852921222905 8.167626904463305 6.878597593891989 9.70604793846833 4.23032167985904 4.210141914060629 1.765694725525713 5.799228895254542 6.721101800650665 7.234076839982606 6.775420513580774 2.1519152130915997 7.110343188824565 9.833673245134491 8.690317850087318 8.532279316055494 6.958107636376814 9.796325418283567 2.345089598124977 1.5031501948792896 7.482100192018301 9.840876163147724 6.383640326165894 9.218249932349266 2.5783926294907236 3.035958612107004 9.873412804162871 9.282216299334445 6.386189598728629 7.78095188493826 5.649378359906104 8.628425691771502 4.383246114619451 8.05542729847572 6.075949142585471 7.573431872802145 4.942544458753602 3.575232365597866 6.464069293402738 3.7223857116164387 5.949566003799052 3.6212136144649714 4.331460884843993 9.377310981266424 2.6621010980268878 4.581801830159901 4.404605487862685 9.121204856482478 5.001326426959928 2.6681736958503013 8.222612149185881 3.2091406660910744 7.0693122245625055 7.711271224976169];
length=[3 2 3 1 4 4 1 1 4 3 4 1 1 4 2 3 4 1 2 3 1 1 1 1 1 4 3 4 2 1 3 3 1 3 2 4 2 1 4 4 3 2 1 1 1 2 2 3 1 4 3 2 1 2 2 3 1 1 1 4 3 2 3 1 2 1 1 3 2 1 3 3 3 4 1 1 2 3 4 2 3 4 2 1 2 2 4 4 1 4 4 3 1 1 2 3 1 2 2 1];
surface=[3.8011697210259037 1.3029743305579786 2.0906233675427814 4.710742211643466 3.280778637762679 1.7227678414033587 2.2222823820227258 2.7056731310159825 1.0432559767550416 4.154659073334345 1.3062811482651706 1.4293047681042568 1.1105291306069498 2.1656216774171475 2.172905072793301 1.085402673170473 3.0169270252227536 3.735960537144573 2.57140923104079 1.6158007369825493 1.4187011767854898 1.9884305852793362 4.274733740236178 3.3663548704198987 3.547906723606802 2.3907738861878385 1.5618542656180074 3.5366273628125207 1.5070110340934697 4.13112675448181 2.055843891193232 4.069711711981903 3.93392538804369 1.8886325391982535 2.910971905635383 3.150510552576899 1.9378806849567116 3.9680566497027288 2.487615698680905 3.9456383799119097 2.619344136772663 2.4201670490538367 3.868542143005639 3.418962905818072 3.7049417547309496 2.34451959774076 2.1125108785497293 4.382094272780192 2.0682790403771523 3.2560704806441754 3.047033582014721 3.232770449226673 1.909879594881191 3.865277837091482 3.730509606368337 2.5089647619520434 1.6531189741341272 2.6137885554182043 4.319264573251536 1.6603633557177435 1.9372766934430778 3.7899423397139826 3.2782903672827834 1.531446292077987 3.427854062608592 2.794267706103188 1.798338097710963 3.809272993720669 2.7700861231869753 1.9778707819566508 4.216813489377802 3.3885302248170293 1.130712395275558 3.6552417532429375 1.0269815920195144 3.403998585300946 2.3980766911271085 3.9144285270811805 1.7974419296080568 4.556689321436247 2.9385108076830897 3.3154384542798834 4.233242328513979 3.687150628645261 4.64137319072208 3.5081025183801184 3.8147779938582222 2.1819386762084267 2.8094508879154856 3.235005097421202 1.9414729356346192 3.1042309710461873 1.8280049620378849 3.362278664197537 1.761399552424363 1.5552995118821804 3.414967227118393 2.3142424494197287 2.811121091996706 2.1252777714643627];
min_deliver=[3 17 11 21 1 14 12 16 5 9 16 14 17 23 2 6 4 23 17 19 18 20 23 12 10 9 20 22 11 16 4 11 5 16 7 7 14 2 23 21 5 17 1 1 20 23 13 13 23 10 20 16 24 15 12 17 17 21 14 1 10 20 22 19 5 19 10 15 20 24 9 14 18 2 24 22 22 5 9 12 10 8 7 14 15 19 3 9 6 7 15 7 15 15 9 8 9 4 4 13];
max_deliver=[23 22 16 21 14 18 23 23 22 18 17 24 23 24 22 23 5 24 20 19 20 21 24 15 11 14 21 23 12 22 4 20 22 18 13 21 18 17 23 21 6 24 12 15 20 24 20 14 24 11 24 21 24 22 12 22 23 22 20 10 16 21 23 21 22 21 15 19 24 24 16 16 23 24 24 22 24 23 9 12 12 24 18 22 22 24 18 16 21 18 19 22 21 15 21 9 14 10 4 21];
