n=100;
t=24;
n=100;
t=24;
surface_capacity=6;
profit=[3.272265668563726 7.402738708365587 7.012448297661235 9.469101276068377 7.869438207152124 4.762628370631386 1.0905830682973612 6.701616343257145 9.891741339565984 1.0433007090376525 8.90672839735469 2.394195639376158 2.1911844065393113 4.775632968842396 2.3785817626716232 1.8961610183928665 5.439917931875969 2.181205248637488 1.8072724670096005 3.6264651989372947 9.696426882745026 1.6466686945141285 3.691868297820289 8.380045521690562 7.2377851978923555 1.4362013471899227 7.075710050945424 1.771328132289469 4.663601001012042 7.052554637580557 3.494709572646235 2.7330209529525633 1.3921713594274228 9.325876629349615 5.296612467197487 9.816664073842848 4.87466759087132 4.775768547971275 1.5771649773048104 2.7693586900112312 6.597960393588806 5.701264950840806 4.445424073229924 1.0878767162708276 6.750894059187164 9.269581836073089 5.140628668250163 6.974287999236526 8.581438330033825 4.387059257942376 9.15188950775844 9.196805313031712 3.423494152023902 3.979888684388357 4.756120985994102 5.404610941714505 7.996030543863582 2.1869697941342987 6.824380704579598 1.4561316690417014 6.534721712461693 5.519677686595214 6.865289659173546 2.88880105976577 7.707531884295725 3.780776358090785 9.976285515451277 5.266333757786964 5.744453228997932 8.425461186303028 7.548433833175197 5.81724966942942 4.1870165109201505 2.7900479013259147 2.1150472377558813 2.206679291514928 4.832457137004749 1.9364984900906514 9.90359930822012 4.8643397470533785 4.409215477137237 8.496725214141552 1.5758841980357747 1.9202665134419215 7.633894469611858 5.857455129477629 5.130983684332109 9.161756353281243 4.158536211697437 7.951751039247329 6.91534265062425 3.5465091447160044 5.360062145384967 4.512952515209247 7.464258779549187 8.668855741120003 7.516628731865003 4.66892497270697 6.1746872295520925 1.414107473388627];
length=[4 2 4 3 4 2 1 2 4 1 3 1 4 3 2 2 2 2 3 3 4 3 3 4 2 4 1 2 1 1 1 3 2 1 1 4 3 1 2 2 2 2 4 1 2 4 2 4 3 3 1 1 3 1 1 1 1 3 1 1 2 4 2 3 2 4 2 3 1 3 2 3 3 2 4 2 2 2 2 3 2 4 3 3 3 4 1 4 3 2 2 4 2 2 4 3 1 1 3 3];
surface=[1.7018909037196162 2.41129116794126 3.4308829856980863 2.2978218029965225 1.903311174579501 4.6940514907688815 1.8629208568371882 3.7524578693606205 3.7328018560382827 2.240268356022273 3.8840925824031682 4.951290724474948 4.281312727500783 4.8764455524704005 1.3425385325923966 4.040805206119435 4.47102496462524 1.5617098507478784 2.727938288794473 1.478630427207078 3.4870953829424542 3.768992422214584 2.7213066415326437 2.416480065560988 2.8045348483616266 3.5705439692245546 3.5937533320486095 4.793836272067354 1.5065830061550716 2.516707662240215 2.497459531987832 3.4808917870136926 1.480451966928173 2.054037463798642 3.6148665505470503 4.921037027405795 2.471144248523705 3.0241863825285966 1.16780875504561 4.725108057220231 3.526821418609296 1.8912775368444423 1.3394648844076338 2.24787463710996 1.4830242281743033 4.007608987379436 2.1289619837300355 4.131203134599105 1.2678384698262053 3.9515097177837033 4.5756795045744365 4.58187535475977 4.198153080829201 1.5288300156762893 1.3523857177409573 3.317374306730163 2.3765384931186344 2.974063656637835 2.516776862716483 3.8743626138039415 3.604782537275255 4.253278258991861 3.0799066186891912 4.711666770391226 4.453965373170682 4.150524751625172 2.243108540645681 3.9670905329398596 1.1071012035949397 3.4781548838885286 3.8410717974678548 2.3868767996503713 3.6405215816545886 2.5371454216507336 2.9559657332475924 3.0222143621037336 2.6631299246082727 4.762902102796894 2.678943593760908 1.9970229145213372 4.4517398182975825 2.589397303043888 2.7474197619609555 1.1990355058937991 2.2858853775790386 3.703877267575771 1.3211061647367925 3.2376641379930415 1.9169882462177164 3.1830349884064706 2.5170772317049175 1.8990275537691175 1.9791367501332187 2.7106015148007403 2.4452187343608314 2.86264510524874 1.5820988160149185 4.072942502015979 2.9767164066742313 3.8842643214842107];
min_deliver=[16 19 20 23 24 3 14 5 17 22 4 20 10 11 9 5 5 19 8 11 5 22 12 17 8 14 15 1 12 2 21 16 2 9 13 18 3 18 14 5 15 21 17 16 6 9 2 6 1 9 11 6 19 13 11 11 14 24 19 14 10 6 21 17 22 5 2 12 13 10 22 22 15 12 21 2 22 11 4 6 22 16 13 24 23 7 14 22 19 9 10 24 21 5 16 8 8 14 16 19];
max_deliver=[17 22 20 23 24 11 14 18 20 22 12 22 16 23 18 24 19 24 11 12 20 22 15 18 21 24 20 21 20 24 22 17 2 15 22 22 11 20 19 8 22 23 23 19 7 19 22 23 22 24 23 23 20 17 17 23 14 24 22 23 24 10 24 22 22 13 18 17 18 12 23 23 20 22 24 19 23 20 16 10 24 23 18 24 24 8 14 24 21 19 17 24 21 18 24 12 23 18 24 22];
