n=100;
t=24;
n=100;
t=24;
surface_capacity=6;
profit=[5.5150498188349815 5.8315704896346245 4.313476530969144 8.806659355309023 3.925007707940784 3.570096195682162 5.2505016362085835 7.406824997119007 7.476912981388546 2.7204727667110653 6.059336432126853 1.383028757259209 6.887999747127409 8.209740833577902 6.624395547696592 7.122940743586121 7.472572938702642 3.244163501534416 8.399619387525922 2.459855647435307 3.7319663024558962 4.178191088281849 4.5208014047039615 7.729718661876186 3.1688723159720094 2.587784662653205 4.045562932899887 6.567995301162512 2.8805158405380715 1.3399192935709314 6.822770583133113 6.776139640344944 3.656954620489903 6.215410775298649 5.272505835908811 6.473634933265591 1.6158589923995437 1.9348065804214318 6.380842924628953 6.330760266120789 3.0204770900876152 8.380844673255027 8.948929401128964 8.502456417342572 5.931898168393654 6.5614508327437955 4.582060984377595 1.4554198638642832 7.666107393150676 1.243932255868755 8.353206436378915 2.3096830861564013 8.25207937995615 3.4386137528523335 5.1059006726658165 3.6273848182060284 8.119677546477785 1.4119781305958277 2.075312563761809 4.048167025630872 4.643504236723329 9.240265770985546 6.54147161276488 2.055132705218695 7.936639812414363 8.200949561897584 8.911984514991897 8.804008114569227 5.149418059379798 5.202015135515907 3.6120090532967826 2.143709736003828 6.183681630012109 4.851960484293546 5.705858932873822 3.812316754852796 3.962897474209868 8.06687062978248 2.2645931545471467 6.708343839175717 8.233701308908593 7.860530653727638 2.9430489512665026 9.69809537152914 5.2426433861911175 5.150112331684806 5.841913213596035 3.9809661033532304 5.792472987259771 6.088106706320941 4.559322493067034 1.6733039062132533 8.411063035598927 2.1276980772906438 1.5520443855760546 1.271231782702145 2.3862649392399877 3.1155987874824693 1.1250267092056587 6.40706728150145];
length=[3 4 2 3 1 3 3 2 2 2 1 4 2 3 1 2 4 3 1 3 3 1 1 4 2 1 1 2 3 3 4 4 3 1 3 1 2 2 1 4 4 4 4 3 2 2 4 4 3 4 1 4 3 3 3 3 3 2 3 1 2 3 1 1 3 3 3 1 4 2 2 2 2 4 1 4 1 4 3 2 3 2 2 3 4 3 2 4 2 1 1 2 4 1 4 1 4 3 1 3];
surface=[2.3425844915577896 4.79699166887529 2.78672785071551 1.8612099228571695 2.2346322455153316 2.2886442604085966 2.8613384915153572 3.3717111370813506 2.3613424039933695 2.0667357275690406 3.623918452468827 1.861094530199325 2.03765688747853 4.959594807852872 3.0160835243681983 2.1097106353518043 1.4475998090797702 3.1379509035286364 4.9576075698383555 4.816250063934571 4.460040927373278 3.173243350117038 4.930971984806172 2.554287955573984 3.0725843831376882 4.103655426632428 2.520524124581995 1.690825123963672 1.5121704174870572 4.2727203870660215 3.916399430979017 1.379569587165264 4.49482976831438 1.8848017976848523 1.0724663187431216 2.217487927938246 2.253233095273027 3.6815237147190056 3.2882303378960547 4.570878274094852 1.1788062877869199 3.0284395251930585 4.6725399765277285 4.711422887093059 1.6676509678489868 1.9278813507911567 4.211189101977783 2.150533609609925 3.9636572127088514 1.757171738691226 3.7843467322515805 2.536156632884757 3.3648170767233307 4.51439282947376 3.252810238495327 2.554626468665878 3.872804088052828 4.252163666534127 1.8656502188661968 4.358015364194864 2.25953266245926 3.121270540555166 1.8839575537917206 2.9547071597203325 1.5266214091126935 1.5031447607640773 2.0979733589648655 1.1631889372135253 3.132858449299322 1.2335963104610776 2.073049800184773 4.730492036034384 2.9429080837388004 1.2912195160472804 2.6099061384899973 3.1191062425575793 2.4956000357622425 2.09890842445077 3.0136930385155307 3.458043931537448 1.8078298892449096 4.128349804463129 4.1133816051339505 3.2300747787383015 2.92831367112328 1.6290742828514229 2.4279963607186015 4.654628362346045 4.601169940350627 3.7679867018898157 1.704380672240318 1.9246361383055044 3.400708114122911 2.312235538177317 4.962103888517693 4.416424245744673 4.912818997577965 3.937997255041122 4.670173836654839 1.5951792781186351];
min_deliver=[1 14 13 2 14 22 10 15 24 7 23 11 18 22 3 15 22 15 2 8 15 15 7 2 23 16 21 18 3 7 3 22 3 24 14 23 19 7 3 9 10 2 16 18 11 11 10 24 22 5 15 13 6 19 24 8 2 8 1 6 6 14 18 5 17 4 9 18 3 23 1 19 12 16 22 19 10 21 14 11 2 2 5 7 5 21 24 15 14 2 11 5 12 22 10 24 24 21 15 17];
max_deliver=[1 18 24 18 24 22 10 16 24 21 24 22 22 22 5 15 24 19 16 12 15 18 21 3 23 18 23 21 15 24 9 23 3 24 14 24 23 22 21 10 22 13 24 23 17 18 21 24 22 21 17 16 11 19 24 16 21 21 18 20 11 24 18 8 24 19 21 22 7 23 8 20 17 18 22 24 14 23 21 12 24 23 18 21 10 21 24 20 17 16 14 10 15 24 24 24 24 24 24 17];
