n=100;
t=24;
n=100;
t=24;
surface_capacity=6;
profit=[8.9604547734245 6.288364496511709 7.533102637520897 9.036460919820904 1.89411419648314 2.0965597722564278 9.331791173980308 4.560886337663225 1.2952620311047263 8.124367234214212 4.170799609962453 5.766253440226935 2.357757460108046 8.985421595713143 9.14530594180661 9.741238602838813 5.854763101037623 2.017211664601395 3.8829905753506884 8.672639934227648 6.019495787390019 7.703492122732051 6.032839219723192 5.869841029859969 3.6377500283103195 2.238871857410324 5.483609424629128 7.848944614599069 6.885700099083312 5.692172616590897 5.579084928187353 3.6740051634749675 5.430562569993097 4.801341620566332 8.135990424692633 2.6058019461602733 5.437760217209701 3.0155756328673284 4.912370484536506 2.4476223965529176 2.9003804895293537 5.149689016202743 8.441543258745787 1.8021447049633772 5.53071032731977 4.799849259790128 4.478314790265785 5.162715617923041 1.3262212786274268 7.360339894956978 3.2523889224474862 9.957210224269508 7.0052157749444035 3.1895138010294777 9.965662362387496 2.0854241692310977 1.5143800465099784 7.920371063994635 1.127840839329593 5.93990549875549 3.226618909344544 9.368972220384594 9.646509787245826 1.0406526845169852 3.3489616417652677 9.29337200117673 4.091774115139882 9.936369112542632 6.469085371983209 4.488317788828586 2.036315239131883 7.388702029024644 1.3371632245927443 5.152000007512071 6.576080313345906 6.795564596601 2.1161318484355394 2.472323299698212 2.0356586257996785 9.596007831641664 6.499187062518435 2.4950303095465953 3.4586532046781477 1.4023364302114232 6.500585596085456 4.617404924075394 1.382490262273088 1.7752344387923014 5.062653950255156 4.482256848366319 7.60633748103083 6.3129196894909905 7.037388754548866 3.9160292784843964 8.549587963997332 7.966073808521706 7.713160133765902 1.0005660781610133 6.492267869550481 7.284087285836679];
length=[4 4 4 4 3 3 4 2 2 1 4 2 2 1 3 1 4 4 1 1 2 3 3 2 4 4 2 4 4 2 1 1 1 1 4 1 1 2 2 1 1 4 1 1 3 3 3 4 3 3 2 2 3 2 3 3 4 2 3 4 4 3 2 4 2 2 2 3 2 3 4 2 2 2 2 2 1 4 2 3 4 2 3 3 1 1 1 3 4 3 4 1 4 3 1 3 3 2 4 2];
surface=[4.373965087680524 2.353596743883984 1.0056635589867438 4.259459191887544 4.317810163824491 2.258351900832313 2.9462293882037685 3.8284073185238867 4.33056413093334 3.4461428459137777 3.888738022368341 3.569397038886875 4.835869687826721 4.683239900477352 1.7269172635682146 4.263623010566617 2.376513341428904 4.357285020144502 4.162872230615615 4.953421814880121 4.268971461637385 4.525842888022904 2.5354369418044818 1.0205530601354331 1.8658025912022485 4.944396248670718 2.3530843459448225 2.112167368824901 3.9640459342282957 1.0824051645981174 3.1712488486636943 3.7213443421532006 3.207308602456979 3.532614942241024 2.7305194645705715 4.741488939973154 2.4142527336771837 2.468395408730021 4.27689716677529 4.971906798563582 4.791357571336948 1.310452097043878 4.401388420117587 1.50043829942144 1.4511223957605548 1.9881555733634384 3.4036774010231405 1.023336691698963 3.638555636111156 2.490173187815058 3.202528821145261 1.5274922159202373 2.688392499923617 4.314205470790704 3.9068525927872657 3.83021781050455 4.584399700064178 2.3149987371507392 1.5885954661653106 2.9647313791387075 3.8309461195079666 1.2715514434635073 1.9137782256727767 4.621221539895737 3.292277738650766 1.6253879183822444 3.243182344010512 3.5513506364512866 3.9822878734249425 3.428002136683489 1.4534888746554175 1.134418228890837 3.354157864097683 4.884621786421965 3.6989811411003384 2.9247728484968203 4.419817709513348 1.149508539419351 3.3400058570145976 2.4211919066070733 3.286579624646776 2.0300363688436613 3.517576263700912 1.8625255725371925 3.299042849363914 2.550916949804032 3.2633650249142416 4.096392784695166 2.510195417571139 2.1514079824953187 3.8385862604743854 4.542051893213455 4.3190823653822115 4.681790190886366 4.164359929955544 2.3718626751824745 2.080679471552238 1.7854982472706458 3.292304762748719 1.3523718812228904];
min_deliver=[13 13 9 15 8 1 13 24 16 16 1 22 21 11 16 6 5 9 2 21 19 17 13 16 11 24 7 17 7 10 17 12 17 15 13 17 12 4 22 10 5 20 17 5 14 13 10 10 21 12 24 11 15 6 3 14 7 15 20 22 2 16 11 18 11 24 13 14 21 16 22 10 2 4 1 8 12 9 8 10 1 19 18 9 10 6 8 12 15 14 12 24 10 15 7 10 1 2 23 9];
max_deliver=[17 19 14 21 9 9 18 24 18 24 4 22 21 15 18 9 17 20 6 24 22 19 20 22 24 24 21 21 24 21 24 20 20 17 24 23 15 12 23 11 5 22 19 14 18 15 22 13 24 19 24 11 16 19 24 16 12 21 21 24 18 19 21 19 20 24 19 20 24 17 23 19 4 9 19 8 19 19 16 10 2 23 20 14 22 14 8 20 15 14 18 24 17 19 23 11 11 7 23 18];
