n=100;
t=24;
n=100;
t=24;
surface_capacity=6;
profit=[9.76503097973166 7.6169783472502175 2.2787549249700847 3.083681843925648 8.153282927755768 6.405404384641488 8.85794749860321 5.6045404381273904 8.615102561399894 3.749372732471878 1.8076468977685316 2.42160051011473 1.0161436667676493 2.109870058390439 9.767378935470466 3.286405554218356 6.792102892673796 7.459891101882589 1.7764553481368541 3.070765981756285 4.833115128716136 9.980244368015894 1.6680775245602302 8.825670992407108 4.384331277029028 6.170714582915261 2.7173401738598884 8.04504425460999 2.8317723872165534 9.876819140200361 8.233195880212 5.5022823029876005 6.556941167163608 4.435653316938212 7.302330090950062 4.7484883225682255 4.753999262550616 2.4344441646764095 4.154825135673004 9.836224997409502 6.7790350382481215 4.471087701618835 5.246206712789461 2.1458339459578113 6.497942559880142 8.958060250563896 7.50069268714379 5.342015671202579 1.6294623167571003 1.7846868102566003 1.2361820536085577 1.9245203015592112 4.590982087756592 4.08231669097323 1.301697751437489 3.2829777423061532 6.566677694333057 8.939135734564264 7.366208238772961 1.437398862601737 1.4918958933259754 2.684760797676123 4.7373554730992895 2.4974294910689974 9.271972577003838 7.315910326832056 4.058431963560202 3.057832438025695 2.304526949873094 4.772914414490065 5.350840478960288 9.107303224406307 5.904860555965568 2.24631566530328 6.469412868359871 2.966048950713072 5.33022714902351 8.520119582379973 2.947559846912583 3.282560888167664 3.8682361919995456 2.745385459865913 1.6214238409290112 7.2189841476077605 3.1034964179350637 5.260670135654246 9.539707191103226 1.8775183488377385 2.9386617920185514 1.193753882070796 4.825536607794772 5.59135263347322 4.095014487867142 9.526546852636669 7.255324383281095 7.201307962858294 3.6444380712995157 8.86128087576152 9.075537755740523 4.450279833975793];
length=[4 4 2 2 4 1 2 3 1 3 1 2 4 4 1 2 4 4 3 1 3 3 1 3 1 1 1 4 4 4 3 3 4 2 2 4 1 3 1 3 2 3 4 2 4 3 3 3 1 1 4 3 3 4 3 4 1 1 4 4 4 1 1 3 1 3 1 1 3 2 3 1 2 2 4 1 3 4 3 4 3 3 3 1 2 2 2 4 2 4 3 4 2 3 4 3 3 3 1 1];
surface=[2.450097780776188 4.739736436523343 2.694050348943725 2.76087428642039 2.920733770870404 4.9672251792265225 4.26445905131985 1.114701267869119 3.9224180948844336 2.067047667082828 4.080007760833768 2.8070751441141826 4.262422195621719 1.2646624353285185 2.239881882914115 3.064362149981233 3.1403550441402466 4.202639054734272 3.4010976523679854 2.547430239487027 3.527760573336759 3.6424638954467947 3.774592537531991 3.7601505412903022 4.324057620673933 2.9521527277474475 2.988977720943082 1.3998790658649773 3.4531540794660134 4.912951802254201 1.0902913664598048 2.687631696750275 4.2318068702616305 2.5635193379713233 1.5972417753319466 3.4776233964268477 1.3220004049708236 4.137832862778509 4.475707133336725 3.8079932673128476 4.7373594371977825 4.474013382404966 1.5047196505447005 2.586582546432424 4.432422697612887 2.7214801205256616 1.1690963678378852 2.5591220274600257 3.559116982983971 3.2847548275022604 3.255071470853569 1.7917703196137467 4.088967261250781 2.6749702293862905 1.8354689138316864 2.7381323597206193 1.7128544006455653 4.985887446699879 2.5125062153333357 3.572087075208951 4.793883913627688 3.795298136279722 1.0231520766637652 2.27147775518802 4.3419969898860735 3.4374415587718876 1.2017348272756179 1.0412759623053938 3.606921731536498 4.9243078299765415 2.5352440325853416 4.694442141340335 1.2381673886285371 4.830886385112299 1.536212881799527 4.4631037928756125 2.6859638096702003 1.6173284370809364 1.1060630734567072 1.562343432981283 3.7109225964837105 3.8268716907280527 1.4423392785128062 2.4307261813762597 4.551754296886646 1.546839792190967 2.5879101439826626 4.354321539572655 2.574377555218294 1.9174891535319203 2.3332898963216313 3.6157049613522063 2.6252560830438054 3.817649570538317 4.456178292868398 2.49530718361193 2.5647160946808434 3.7072406648295315 2.6985502487204513 3.0730188594219228];
min_deliver=[14 12 10 17 4 8 24 5 23 17 10 11 3 16 4 21 5 15 9 10 2 21 22 18 15 2 12 15 2 17 20 10 17 24 4 18 15 4 13 3 5 7 14 9 8 13 14 8 20 16 13 3 7 13 9 1 21 14 8 13 8 7 17 24 2 18 13 3 3 23 22 23 3 6 9 16 9 19 10 15 9 22 22 3 8 13 8 13 3 2 23 7 10 11 16 5 5 14 4 17];
max_deliver=[18 12 20 18 20 8 24 12 24 17 14 13 8 24 21 21 24 20 15 11 9 21 23 22 20 5 20 21 11 18 20 10 21 24 14 21 20 18 17 12 14 12 22 24 14 20 23 22 21 21 23 13 11 21 13 13 22 21 22 14 8 17 22 24 4 24 13 5 11 24 24 24 22 13 15 20 21 22 24 22 15 24 22 10 15 18 16 15 13 11 23 20 19 20 17 24 5 17 12 17];
