n=100;
t=24;
n=100;
t=24;
surface_capacity=6;
profit=[1.0744676940991829 6.369730856220405 5.327023189115055 8.561700794470022 1.5364325937576568 1.0196215320131419 7.67862745202799 1.1663671930436335 2.9236356470157574 6.754294246567026 2.8337347440364686 7.793378771381313 8.203973252468082 5.104820042292595 8.436258089014249 4.622708499770871 9.380657065158251 3.5696875269696937 7.6828739743760135 6.447424368785134 3.1816269893446965 5.490378472754692 3.371110768903481 9.035360513894432 1.8933295535307906 8.15013360971336 3.0499110977253396 6.425818633311233 7.4180440534199255 8.287311171818946 2.879523264951597 5.324255047546165 1.5043118224662293 5.990996017269668 6.936513531780074 2.011520311387121 2.990789181521322 9.765102220184094 2.338413556416083 7.152780136113836 4.731580620225055 8.036308979304822 2.9836503034554376 9.60497707409922 6.835625416433817 7.730845943427915 4.220053647466234 9.685659472953974 7.113658603083858 2.6520099037273743 6.527255406695728 5.702279566974781 1.6342907269845073 2.3442754349431643 1.7910146346217606 9.006105273535109 3.0453385421857897 1.6179351050520185 9.2274499168156 1.6277473936653566 1.3392910473160353 1.6872697147633247 8.625440828561633 1.0318438022560277 8.828511129878429 6.190437337116206 9.119372121186004 5.7839490490479175 6.097940992347322 2.5183352964821974 7.699091664731472 4.468479179550745 7.740031783485906 8.905507602295696 3.709204576997133 5.205400957751363 4.858773979727156 5.735678310383953 6.559472344738866 2.0830388096661876 4.293365092582304 3.6956522336742337 5.454872068223886 4.4129563967018335 5.326804271274516 5.413250295417035 9.83895530231197 8.820687117617357 2.3652979265607352 9.800651794388564 4.243712111791488 8.261364809270006 6.931730008835018 7.165170925493275 8.329893869488497 4.969747994398737 4.661290992073818 8.360650814206721 5.592815821250143 5.457405332540704];
length=[1 3 2 1 1 1 3 1 4 3 4 4 3 4 1 4 4 3 2 2 1 4 3 4 2 4 4 2 2 4 1 2 3 4 3 3 3 2 3 3 2 2 1 3 2 1 2 4 3 2 1 2 4 1 4 3 1 3 4 2 2 4 4 2 1 3 2 3 2 3 2 2 1 1 3 4 3 1 3 2 4 4 3 4 2 2 1 4 4 4 3 2 2 2 2 3 2 3 1 4];
surface=[3.643175752443413 3.277231439153494 3.4011750861938355 4.803756248300935 2.4970101648091956 4.942597112585581 1.5710776774728177 3.536849038710966 2.7364634647817443 3.8019740457982203 1.1462388701923252 2.9419122625412872 1.9562151041937401 4.760463264011474 4.648324800808693 3.4190123874946647 1.8333374029662695 4.377488006659299 3.699756908675455 4.274359209041185 1.327798304682286 1.8885080076565277 3.9548499625962172 3.975942287807343 4.645240025263755 3.2074328089864754 2.7617246331123506 3.7858151352568017 3.209042933538293 2.2745085552264266 2.276916124403295 4.081343285612192 4.219986502515088 3.6224408115968805 4.651419999695508 1.7607153373947306 3.1542744391718647 4.469192531716111 2.1056778052667435 2.8208023173061925 2.2571965812442034 1.6935026860811702 1.7749606124364758 2.0302531134009323 3.336820850980139 2.8364845876790845 2.705257843129595 2.1343225869814724 2.6885461580536947 2.936052225075188 4.995812224697323 1.9604139082689058 3.3333790049560057 1.7114791844859454 3.8666139357878686 2.646016189870177 2.8885949321074484 3.8806989276411903 3.292677014490499 4.557821945577429 1.1322318831484228 4.031399804404744 3.2209947714951648 3.6411499450352545 1.00707854129005 1.8664702252339334 4.962998231002022 3.2766896468516853 3.56520150492832 2.9439809576261218 1.743528167742491 3.3306198394747804 1.7520498285111707 2.5601035663145657 3.4949848352357966 4.449728525044206 1.8467444159283186 4.176633561279405 1.3548391640650115 4.450713591745756 4.337710574274091 4.6276200568962995 4.986841972125774 1.8173697312434332 3.5297606309305944 2.8850570110287355 4.820775127602986 3.8907796105873063 3.092745617798931 1.0361061564558365 2.9004478285862376 4.533507161362305 1.1044759908326025 4.6891281774423845 2.970741965980069 1.6624508562337539 3.3121274208967915 4.110759200134741 3.3274806192435555 2.7319617690491835];
min_deliver=[16 8 4 2 4 21 2 22 18 10 22 17 7 20 11 17 17 2 2 5 14 5 14 11 21 23 7 13 23 24 1 19 9 11 13 21 14 13 11 3 24 5 3 11 6 8 9 14 18 3 10 9 21 18 10 24 8 7 3 11 23 23 1 13 10 2 16 16 10 11 11 20 19 2 5 24 7 6 17 4 4 6 7 21 10 24 1 22 4 7 24 10 1 5 20 16 5 22 12 3];
max_deliver=[23 20 13 16 23 23 7 22 24 16 24 19 19 23 11 20 22 12 18 24 21 11 19 11 22 24 8 15 23 24 11 19 22 15 17 24 19 22 23 22 24 16 20 17 24 13 16 23 23 13 20 13 21 22 14 24 9 15 5 19 23 24 17 21 11 4 24 23 23 16 11 21 21 23 9 24 23 9 21 23 8 9 20 23 22 24 24 24 13 17 24 17 13 8 21 22 13 23 22 7];
