n=100;
t=24;
n=100;
t=24;
surface_capacity=6;
profit=[1.5530319106318617 7.914015686150756 8.025559660993808 7.831413341132079 5.761884992692751 3.0634301266600032 7.148617392152895 1.3530214094981967 8.96150270696609 6.167372029551098 4.051814859762025 6.597479331906744 5.840805233332321 2.4797434623836407 1.7836951097908227 6.738717233801241 6.467254231650686 5.156550147315192 2.394904762022637 2.325747212717167 1.6410518506484695 8.841136942303184 9.567241700997766 9.43373532900256 8.935305649507168 5.90187276721336 5.448389603444143 7.158401889944381 4.794360094303483 2.748619266131039 9.324133816270663 4.671850505014799 5.72604826583059 2.92159726124279 7.118828616026077 5.809431582882148 6.1160604491909485 3.0540008598544706 8.113166229420255 7.956439279094463 3.7504130721509736 1.1823386336611614 2.9437416633478914 3.079495686955229 3.547626466730905 1.889315606611094 4.221619144481686 2.3937911398473837 7.247682878657914 1.3943746252355194 8.107167240437793 6.775857611533335 7.901882162721298 9.341540897936829 8.480061963568089 7.135476920933883 3.428282426074542 5.705627882396494 9.39813168782006 4.580176806420169 1.5260145118561215 5.112417016653446 4.742951944491655 5.831246990992958 7.27206966578235 3.494390277070451 8.464503868711425 6.894729802692177 9.301206638567004 1.9193963759494115 2.92984399701367 7.563080110362662 6.751895953847553 4.975110844782975 3.0868658434334146 4.542562511378206 6.869125038399691 3.5706220016415666 2.9889162995312377 6.593560585706838 5.947888916375867 8.561666509923429 5.040915275623226 7.569088535327863 3.9383220481213623 6.613474738771186 3.678223909834599 3.0765715224469603 9.64681973710634 9.147690633797117 3.3606245696417165 2.6125901174679274 3.3151075575965416 3.5833979216040874 9.279934432193011 4.888020434187661 5.458988643617354 6.132655984732752 1.7013231442898527 2.9670787270375154];
length=[1 2 1 1 3 3 3 3 4 4 1 2 1 4 4 3 3 1 4 4 3 1 3 2 1 3 1 4 3 2 4 1 2 2 3 4 3 4 1 4 3 3 3 1 2 3 1 3 2 1 2 2 3 4 4 2 1 3 3 3 4 4 4 1 2 1 3 3 1 3 1 3 2 3 4 4 1 2 2 1 4 1 4 3 1 3 2 2 3 4 3 4 2 4 1 2 4 4 2 4];
surface=[2.894667510277224 4.7587390235694365 4.156107079081494 1.6687229926632976 4.457030610881825 1.8356597674884254 1.04286495715034 3.04009028265271 2.7530093290004336 1.3506125459038754 3.0500933849669787 4.067024267467795 2.5753723155588264 2.8728720600279614 2.5182061243772607 3.847040431019288 2.1745868277308364 4.307290864463628 1.9677624885043659 4.163895424179599 3.5946706578586474 4.407153761182537 3.1700268755246928 3.0254072158987984 4.177771531000895 2.3503430642820664 2.970651291620969 2.1529118741088213 3.15569659734789 2.785131903524051 1.991275152878281 4.307998329384883 2.4423168473448023 1.293198407877013 2.1993086418806205 3.4726234279762647 4.982259181196999 2.400249910385684 4.296610142943827 2.63753878975974 4.837465750862528 1.0469791440064466 3.801974399219613 2.3215467846425826 1.7369507246554945 4.040732789499737 1.9480961079970398 3.3545075869333756 1.976589428585089 3.476136430622578 1.1412073355675982 2.42765266971403 1.2842574009968635 2.3171743523881934 1.2974997897036111 1.5638985019019702 4.094414336410189 3.35175711889786 4.824420612115938 4.131934366868611 3.167040482677464 2.091751494948398 2.4963722780426707 3.4739689241694336 4.088515121627795 3.183706566621508 2.13951337499019 1.017327762423541 2.0541610837563433 2.6670003459305507 2.5692597819891705 3.6376595666531504 4.884545740265224 3.053053957187001 4.04572042060068 1.6254466940158698 3.7235961909920365 3.7089801584322215 3.3108087437558935 3.5442530596407775 4.770144333939318 1.6936345252661993 1.0332156847784346 1.9938585126709385 3.427072459031057 2.041490509509054 3.7510539206843414 3.0231756284009763 4.665675681773758 1.352925440116513 4.604243409264429 1.331312097123476 1.5970966256693515 3.7789212720741285 1.3760259604335237 2.5870259000628355 2.3585767119332965 4.757236735515429 4.904443667735612 1.0929210350610514];
min_deliver=[19 18 4 13 22 15 19 19 23 22 22 24 2 6 5 19 23 12 9 15 20 1 24 14 6 19 3 23 15 11 24 3 18 16 10 12 23 2 12 21 8 13 20 12 15 12 8 9 6 16 14 7 4 20 12 11 22 9 22 23 10 11 16 23 9 12 5 5 20 9 8 18 9 5 1 1 24 22 7 13 21 2 21 13 6 7 13 8 5 19 11 17 10 3 24 4 10 13 15 19];
max_deliver=[22 22 7 19 24 22 24 22 23 23 23 24 22 11 23 21 23 22 11 16 20 19 24 23 10 24 8 23 22 18 24 16 21 24 16 20 24 7 14 22 12 18 24 15 20 20 19 22 11 22 23 9 20 23 21 11 22 14 24 24 13 22 17 24 22 16 7 24 24 22 8 20 21 22 15 10 24 23 21 24 23 16 22 15 21 15 20 15 10 22 14 21 17 17 24 12 19 23 23 23];
